function PD_meta_data = get_PD_meta_data()

%0 = female, 1=male
PD_sex = [1	1;
2	1;
3	0;
4	0;
5	0;
6	1;
7	1;
8	0;
9	1;
10	0;
11	1;
12	0;
13	0;
14	1;
15	1;
16	0;
17	1;
18	1;
19	1;
20	1;
21	0;
22	0;
23	1;
24	1;
25	1;
26	1;
27	0;
28	0;
29	0;
30	1;
31	1;
32	0;
33	0;
34	0;
35	0;
36	1;
37	1;
38	1;
39	1;
40	1;
41	0;
42	0;
43	1;
44	0;
45	0;
46	0;
47	0;
48	1;
49	0;
50	1;
51	1;
52	0;
53	0;
54	0;
55	0;
56	0;
57	1;
58	0;
59	1;
60	0];


PD_bw = [1 1300;
2 1340;
3 1300;
4 1170;
5 1231;
6 920;
7 2390;
8 1485;
9 690;
10 1530;
11 2020;
12 610;
13 1370;
14 880;
15 1485;
16 1040;
17 1170;
18 1315;
19 690;
20 1310;
21 1490;
22 1220;
23 1450;
24 1810;
25 1760;
26 730;
27 1320;
28 1560;
29 660;
30 835;
31 1450;
32 2000;
33 1360;
34 1776;
35 1230;
36 1040;
37 1110;
38 1435;
39 1510;
40 1680;
41 1900;
42 1070;
43 1430;
44 1150;
45 900;
46 0;
47 1500;
48 1400;
49 1730;
50 870;
51 1040;
52 1440;
53 820;
54 780;
55 1380;
56 1210;
57 780;
58 1200;
59 1335;
60 1070];

PD_ga = [1 208;
2 205;
3 205;
4 220;
5 232;
6 186;
7 215;
8 217;
9 184;
10 216;
11 219;
12 169;
13 221;
14 208;
15 230;
16 210;
17 199;
18 227;
19 246;
20 210;
21 224;
22 218;
23 221;
24 222;
25 216;
26 185;
27 227;
28 222;
29 193;
30 199;
31 204;
32 222;
33 218;
34 220;
35 224;
36 207;
37 204;
38 218;
39 217;
40 206;
41 219;
42 204;
43 209;
44 204;
45 90;
46 0;
47 214;
48 207;
49 222;
50 215;
51 189;
52 225;
53 183;
54 184;
55 208;
56 195;
57 189;
58 209;
59 206;
60 210];

%1=blinded
%0 =unblinded
PD_blinded = [1	1;
2	1;
3	0;
4	1;
5	1;
6	1;
7	0;
8	0;
9	1;
10	1;
11	0;
12	0;
13	0;
14	0;
15	1;
16	1;
17	0;
18	1;
19	1;
20	0;
21	1;
22	0;
23	0;
24	1;
25	0;
26	0;
27	1;
28	0;
29	1;
30	0;
31	1;
32	0;
33	0;
34	1;
35	0;
36	1;
37	0;
38	1;
39	0;
40	1;
41	0;
42	1;
43	0;
44	1;
45	0;
46	1;
47	0;
48	1;
49	1;
50	1;
51	0;
52	0;
53	0;
54	1;
55	1;
56	0;
57	0;
58	1;
59	0;
60	1];


PD_meta_data.PD_sex = PD_sex;
PD_meta_data.PD_bw = PD_bw;
PD_meta_data.PD_ga = PD_ga;
PD_meta_data.PD_blinded = PD_blinded;


end